clear all;
% see http://dev.theomader.com/gaussian-kernel-calculator/

% For 11x11
w_kernel = [0.000009	0.000044	0.000149	0.000356	0.0006	0.000714	0.0006	0.000356	0.000149	0.000044	0.000009
0.000044	0.000211	0.000715	0.001708	0.002879	0.003426	0.002879	0.001708	0.000715	0.000211	0.000044
0.000149	0.000715	0.00242	0.005778	0.009739	0.01159	0.009739	0.005778	0.00242	0.000715	0.000149
0.000356	0.001708	0.005778	0.013797	0.023254	0.027673	0.023254	0.013797	0.005778	0.001708	0.000356
0.0006	0.002879	0.009739	0.023254	0.039194	0.046642	0.039194	0.023254	0.009739	0.002879	0.0006
0.000714	0.003426	0.01159	0.027673	0.046642	0.055507	0.046642	0.027673	0.01159	0.003426	0.000714
0.0006	0.002879	0.009739	0.023254	0.039194	0.046642	0.039194	0.023254	0.009739	0.002879	0.0006
0.000356	0.001708	0.005778	0.013797	0.023254	0.027673	0.023254	0.013797	0.005778	0.001708	0.000356
0.000149	0.000715	0.00242	0.005778	0.009739	0.01159	0.009739	0.005778	0.00242	0.000715	0.000149
0.000044	0.000211	0.000715	0.001708	0.002879	0.003426	0.002879	0.001708	0.000715	0.000211	0.000044
0.000009	0.000044	0.000149	0.000356	0.0006	0.000714	0.0006	0.000356	0.000149	0.000044	0.000009];

% For 3x3
w_kernel = [0.098267	0.116942	0.098267
0.116942	0.139166	0.116942
0.098267	0.116942	0.098267];